8
10
13
2
9
5
16
22
17
23
24
18
26
36
40
46
28
32
29
43
41
30
38
44
51
61
66
55
53
58
68
62
63
52
72
57
91
80
77
94
84
87
79
73
89
86
75
82
119
100
116
104
102
105
103
111
117
112
98
101
142
129
133
143
134
125
122
124
121
130
132
141
155
146
159
160
145
147
156
157
154
151
158
165
181
174
192
178
184
170
177
183
172
185
190
171
211
193
215
197
204
202
214
207
201
210
212
194
219
239
236
232
240
235
222
220
224
237
228
233
242
262
263
244
254
250
243
252
253
258
261
245
267
270
272
273
285
288
265
280
279
266
268
269
299
293
303
292
312
301
304
296
297
307
306
294
331
333
336
327
330
319
322
318
325
321
317
324
345
344
337
348
358
354
349
338
346
347
340
353
369
364
362
378
365
370
376
367
373
366
374
383
401
390
386
408
388
396
405
402
397
395
385
398
431
422
412
428
416
424
413
426
429
415
414
409
446
436
454
439
435
452
442
434
433
448
456
449
468
472
466
470
460
462
459
473
476
469
474
480
502
497
491
493
486
498
492
485
482
504
503
494
505
520
518
528
527
506
519
515
525
524
526
508
539
542
547
548
532
550
549
530
531
529
535
551
555
558
556
573
570
576
563
560
559
572
574
564
580
596
581
586
599
579
600
598
597
589
595
593
619
615
622
610
617
605
613
620
606
608
602
607
637
626
641
638
642
627
644
640
636
648
625
634
665
664
669
666
657
661
671
667
658
653
649
655
682
675
677
678
679
674
673
686
676
696
688
680
707
704
718
697
717
699
713
702
719
698
720
701
735
730
726
724
742
733
739
740
722
743
721
732
761
760
748
757
763
752
747
768
764
745
746
749
785
783
773
788
779
770
782
771
778
769
777
776
800
795
799
801
805
806
811
812
807
802
815
814
839
837
835
829
820
824
830
836
821
827
828
826
853
848
854
842
850
852
843
864
847
841
849
851
872
874
881
868
866
869
870
885
883
875
880
879
902
910
904
897
907
906
905
891
889
903
901
898
920
915
919
932
935
936
924
918
927
921
928
913
958
949
951
960
955
954
944
952
938
957
939
950
984
977
972
961
981
967
969
978
964
971
982
980
992
988
998
1007
1001
997
1008
990
1006
1002
986
1004
1019
1011
1028
1014
1021
1010
1032
1024
1020
1013
1009
1018
1037
1043
1045
1034
1053
1035
1050
1052
1036
1047
1054
1046
1073
1077
1066
1074
1078
1071
1075
1067
1062
1076
1080
1061
1103
1101
1088
1099
1089
1082
1081
1087
1085
1097
1084
1095
1121
1107
1114
1123
1105
1109
1117
1120
1127
1106
1118
1122
1134
1144
1147
1132
1143
1152
1146
1142
1133
1141
1145
1131
1158
1174
1159
1165
1154
1173
1166
1157
1163
1156
1172
1161
1183
1196
1190
1185
1179
1188
1193
1200
1195
1182
1198
1180
1210
1218
1217
1203
1214
1213
1202
1209
1216
1205
1219
1222
1238
1233
1226
1246
1240
1232
1245
1225
1231
1230
1227
1244
1254
1252
1257
1265
1262
1260
1269
1259
1261
1266
1253
1268
1291
1281
1274
1292
1279
1296
1284
1287
1294
1278
1275
1283
1297
1318
1309
1300
1299
1298
1316
1305
1312
1303
1302
1313
1332
1323
1337
1325
1326
1340
1327
1328
1341
1338
1339
1321
1356
1345
1368
1361
1363
1364
1348
1346
1351
1362
1352
1353
1383
1384
1372
1382
1375
1380
1392
1374
1379
1390
1391
1381
1398
1394
1410
1407
1409
1400
1416
1401
1399
1408
1395
1404
1435
1427
1423
1438
1431
1437
1440
1433
1425
1424
1428
1439
1447
1446
1455
1461
1456
1460
1464
1458
1463
1444
1451
1448
1471
1472
1475
1477
1470
1466
1478
1480
1476
1487
1483
1469
1503
1508
1509
1505
1500
1510
1489
1507
1490
1499
1494
1504
1516
1528
1536
1520
1532
1527
1523
1525
1526
1518
1513
1530
1538
1547
1548
1560
1541
1549
1545
1540
1552
1558
1555
1553
1581
1565
1580
1563
1579
1566
1570
1561
1572
1571
1575
1567
1598
1589
1606
1600
1586
1599
1595
1604
1603
1590
1593
1601
1612
1621
1625
1629
1609
1622
1618
1617
1616
1630
1628
1620
1644
1649
1641
1645
1637
1636
1647
1655
1643
1653
1646
1652
1668
1665
1671
1667
1659
1680
1658
1675
1673
1672
1677
1674
1683
1693
1696
1682
1688
1686
1698
1700
1687
1703
1694
1684
1722
1709
1716
1717
1724
1706
1713
1719
1725
1714
1720
1712
1744
1743
1733
1752
1734
1742
1736
1746
1738
1751
1745
1748
1763
1758
1773
1761
1753
1768
1756
1759
1770
1775
1769
1765
1798
1785
1792
1780
1790
1782
1777
1787
1794
1796
1786
1788
1808
1822
1818
1801
1811
1815
1820
1823
1821
1806
1816
1809
1827
1845
1834
1833
1830
1842
1831
1839
1840
1835
1829
1838
1855
1871
1857
1854
1858
1851
1856
1865
1864
1862
1868
1860
1881
1874
1891
1885
1879
1886
1882
1893
1873
1889
1884
1878
1903
1900
1901
1917
1908
1898
1909
1906
1920
1905
1915
1899
1942
1930
1935
1927
1933
1940
1937
1939
1941
1921
1928
1943
1963
1954
1955
1961
1951
1958
1965
1960
1945
1956
1953
1957
1973
1975
1982
1974
1978
1990
1983
1977
1971
1991
1979
1992
2009
1996
2005
2012
2014
2016
1998
2004
2001
2011
2000
1997
2025
2017
2018
2037
2031
2034
2033
2035
2039
2028
2021
2027
2041
2052
2057
2063
2051
2053
2043
2044
2047
2046
2064
2050
2065
2081
2072
2084
2085
2069
2068
2078
2083
2088
2079
2075
2106
2093
2101
2111
2103
2090
2100
2099
2107
2092
2097
2109
2134
2122
2129
2120
2123
2133
2132
2136
2119
2124
2116
2127
2137
2143
2158
2159
2145
2147
2141
2140
2154
2152
2150
2142
