906
482
1826
1512
186
562
1670
1208
80
469
312
705
849
1130
2130
2053
1161
360
700
1023
145
244
357
1483
484
116
1844
1433
2113
689
1435
1688
117
255
167
701
743
1922
839
320
1555
1138
1537
330
1690
788
201
2003
1168
631
1840
1295
1769
1983
483
458
1593
1281
1901
1154
668
1136
2026
344
1260
1201
904
771
391
624
1764
1735
1088
1157
912
834
143
890
293
272
712
1273
531
1333
316
1269
1411
400
324
1841
816
1178
1409
757
1300
1538
662
102
654
1492
1282
586
372
954
1612
2102
1393
879
416
1456
1126
98
629
1556
886
1080
34
539
4
305
953
1262
1078
1127
439
784
260
731
2063
2159
817
1763
475
2008
407
750
392
1158
1939
1049
1071
103
855
736
1086
1214
917
1634
1344
622
564
1385
1716
488
308
1079
1167
1794
1894
205
1729
156
809
265
1063
837
351
365
711
383
512
1050
398
584
1696
595
1412
248
1602
1139
2106
59
94
166
1394
619
2021
827
1644
219
104
322
1563
625
101
761
1962
1128
193
2095
888
1134
65
1937
1789
830
932
1432
79
1864
2111
364
1364
1132
1148
253
1354
1336
587
986
726
650
1255
430
221
213
420
988
44
691
857
1120
2076
1485
58
1430
139
1920
1718
1583
957
1310
69
1039
611
900
1501
877
227
2013
1859
572
2153
376
749
1348
667
1346
887
378
204
751
1665
1177
1307
315
996
1812
363
588
724
840
1801
934
2038
1923
773
370
161
860
537
977
1225
594
1473
2128
1349
362
88
405
1672
1219
2120
663
194
1878
1241
1950
496
708
1002
128
456
295
1498
645
366
0
2032
1876
1213
85
1702
168
1137
556
1528
1236
2066
1577
1135
199
1038
1949
1899
339
389
169
1395
1368
78
517
341
2104
922
386
1861
1777
346
1043
1885
1895
173
142
438
854
874
16
714
1940
1805
1888
1486
1378
2027
1945
1361
2084
845
800
1425
1648
634
1701
976
2007
435
1976
1904
2124
1448
519
1112
2017
577
607
189
15
1610
660
1652
1471
1527
978
1266
2126
1587
783
2115
891
64
1000
1482
681
478
422
237
1091
1441
1575
1478
162
1122
155
185
746
1340
775
195
603
1107
2068
2100
1045
2012
1061
67
526
1837
2044
1931
350
972
639
2004
2040
276
2118
1076
1054
432
1227
70
1202
210
1700
1284
2011
1519
1106
1802
1104
1850
224
1686
1290
2142
1254
546
419
284
340
325
428
902
568
815
1341
767
684
1915
1006
1402
2125
1451
1845
301
1022
1995
1730
937
699
894
1265
2031
673
1854
183
1833
399
1744
730
848
1503
1186
147
1235
1416
1274
84
2006
249
72
1613
1303
1389
1252
1980
1571
1576
554
863
1946
873
347
1380
1212
441
1778
928
1279
1325
433
36
5
1244
2080
326
1972
994
740
1781
216
148
1991
1268
1924
676
1110
61
685
718
899
520
1569
1520
943
2037
979
1259
1649
1518
745
268
1807
896
112
1695
538
418
1302
47
1866
1842
223
722
946
981
557
1352
1188
2127
172
1176
397
1428
2085
910
1466
1750
1804
911
1553
880
1407
1439
1607
1421
1595
498
1603
1173
1367
211
1118
2071
8
2131
281
105
727
1834
1925
501
1913
1085
515
342
1246
99
288
1376
402
550
1709
688
810
1560
1567
522
24
283
596
1216
1046
901
952
1233
304
560
1621
502
2116
510
578
375
1916
285
960
2023
66
332
1884
915
835
737
2150
942
802
1108
1540
661
1488
686
393
793
1146
561
1580
2033
1434
2149
2045
1338
1535
277
238
129
1155
576
197
403
725
302
1121
968
1522
76
1442
300
1623
2062
776
1881
2147
643
1437
1423
1053
1532
294
6
1740
1232
921
1736
1013
1035
813
1761
992
1436
926
941
90
1851
1353
122
1792
91
461
1791
1994
829
138
856
46
359
1323
476
1659
1458
1355
1465
1818
442
1705
1573
174
1056
1198
659
474
1388
1614
1673
387
1311
1848
1500
1025
1961
1668
25
1728
1633
1345
425
591
1218
1929
867
1479
21
670
1531
832
1880
382
1105
1287
1985
9
1452
1722
1499
975
949
100
1440
590
275
1795
1758
55
149
153
2105
1664
1565
111
1037
463
2099
2025
92
1839
627
1554
367
1971
385
1064
203
1857
895
1009
602
352
821
1529
436
553
632
337
1658
1109
2140
633
644
1970
1559
589
1523
247
2065
1386
1159
1855
507
160
2089
1467
1028
931
1156
2034
269
1865
1308
2083
2019
1327
1770
1073
1008
567
618
2098
126
349
1539
535
707
1404
1097
1289
1469
259
706
1626
243
1509
2119
1399
1505
1316
1720
333
297
744
212
1335
583
756
621
361
695
384
473
698
1966
866
319
752
1605
1599
390
2009
1930
1286
57
377
1611
1210
1209
2047
635
82
1267
1984
93
1944
291
1403
1169
1713
2039
1166
1196
241
267
1093
2107
1143
1200
358
49
1870
617
1462
1642
1636
1377
1903
2097
692
1429
2112
1963
794
240
1570
1370
1405
1027
292
605
1357
1581
878
1830
1220
251
1918
1699
1783
1727
847
1960
1953
306
1016
1800
1334
1967
1489
311
2064
971
1534
582
106
1276
1124
1660
1163
1017
1653
1446
1187
1324
278
1630
136
542
1221
764
369
1891
1494
1742
600
2157
1306
1021
1656
2036
29
394
1422
1226
1003
825
1508
1874
614
1067
1590
206
123
1951
157
1424
2123
1330
460
1530
1988
262
1997
598
1062
641
1723
215
1103
1608
1490
1566
170
1698
1873
434
1390
1090
721
664
1689
772
1832
869
555
1342
1847
1398
677
983
1525
1144
1766
1362
1919
2087
1969
804
1622
606
993
1768
1815
48
1496
919
1024
1042
1242
444
1588
2041
264
544
1927
536
421
1682
1184
1454
2056
480
152
889
1431
1643
991
207
1793
1075
1247
1724
2141
713
1018
789
1264
1618
948
1397
1408
1055
1205
1928
964
23
870
1662
1981
1786
1987
1992
